656.332
645.306
649.85
641.883
649.883
660.926
664.393
672.604
662.658
670.578
663.193
658.497
659.025
667.535
657.972
663.51
666.152
661.294
668.587
673.27
670.571
676.53
673.314
671.388
674.438
663.689
665.791
661.185
668.299
663.821
675.107
667.738
667.896
669.246
658.487
665.044
669.442
660.35
672.182
664.297
662.526
661.126
669.867
660.306
652.14
661.459
668.531
680.848
675.694
674.449
669.306
673.098
663.24
672.677
682.365
685.432
678.922
669.723
673.891
674.689
669.997
667.724
654.062
647.012
655.703
654.468
664.746
666.453
668.098
662.886
669.638
662.104
661.863
657.111
652.659
651.097
654.14
656.697
638.481
646.942
647.691
643.364
652.82
660.005
661.343
658.279
654.3
654.896
649.773
644.726
648.093
649.204
656.815
649.687
667.72
654.418
652.422
664.854
652.668
642.484
645.825
657.439
642.046
643.599
655.668
668.664
657.505
661.49
659.498
652.657
649.225
650.163
653.248
665.3
656.56
656.901
646.176
645.886
645.013
657.55
648.93
650.205
655.628
649.85
647.511
646.991
655.63
652.355
656.021
669.343
658.178
655.673
657.528
653.546
651.593
651.677
657.543
669.212
659.589
672.904
667.021
665.91
662.63
668.674
668.416
665.235
663.635
674.306
670.507
676.479
671.881
673.172
668.271
674.616
689.57
696.751
681.049
678.262
686.936
685.611
676.501
673.731
681.799
688.036
688.596
684.029
693.672
691.919
683.658
677.558
682.42
671.845
670.549
669.712
669.571
677.409
671.903
677.567
686.222
682.474
681.471
684.498
683.829
672.297
682.393
696.009
693.204
678.36
675.984
684.173
690.546
680.388
678.467
682.734
686.27
682.145
685.241
698.164
695.822
693.76
696.891
695.83
701.536
704.201
696.55
705.115
700.535
703.056
707.738
709.731
696.496
698.553
686.16
689.296
694.657
684.034
678.83
678.557
685.958
672.702
677.966
670.206
672.721
673.708
673.526
682.113
680.532
682.189
688.256
686.884
687.608
675.997
668.295
663.103
671.685
669.586
670.0
671.809
681.253
693.355
681.033
680.213
664.538
668.865
674.617
666.587
663.947
671.333
660.967
665.417
661.88
661.909
657.048
664.047
662.894
658.258
661.511
641.967
645.945
654.379
650.362
646.664
640.858
660.792
652.055
660.883
659.145
671.147
671.721
670.166
678.312
685.726
693.569
694.535
693.913
701.686
689.886
698.288
690.164
677.436
678.098
667.01
671.419
670.965
667.408
674.369
678.783
688.691
681.05
685.595
695.04
701.808
712.447
709.732
716.612
722.801
733.63
736.95
736.206
740.341
738.555
737.213
725.995
728.649
731.556
728.958
730.023
730.173
727.945
727.763
717.303
707.865
712.935
721.146
726.569
732.158
734.83
736.287
739.884
732.495
729.065
732.538
733.406
736.536
728.512
723.956
739.947
734.831
730.038
733.457
731.481
739.523
732.635
739.374
728.428
721.796
719.069
717.389
721.188
718.028
710.377
706.821
711.737
707.673
701.753
710.775
719.352
707.298
714.579
715.038
718.388
705.665
714.028
709.924
705.104
698.054
703.034
712.896
708.645
714.878
725.177
724.335
720.19
713.351
722.831
718.898
726.19
712.115
713.397
715.708
717.436
718.598
709.551
705.223
690.629
686.361
699.63
703.764
708.617
708.087
710.967
711.8
718.77
713.98
720.616
722.334
726.359
723.827
728.362
725.554
721.924
734.708
729.617
739.187
749.043
755.145
667.35
663.994
662.121
658.533
655.368
666.06
675.91
682.891
664.517
677.41
682.857
676.114
675.926
668.634
679.917
674.99
667.874
670.955
656.286
656.099
644.323
638.276
649.193
664.507
650.191
637.443
658.278
646.912
651.796
647.145
643.905
645.585
650.586
647.671
657.184
661.181
663.75
668.66
677.891
682.035
679.638
681.08
681.055
678.028
679.88
676.624
682.503
687.118
674.039
679.687
675.395
674.211
673.191
675.231
679.538
682.391
684.184
691.606
705.144
699.788
695.37
707.499
693.04
700.62
699.336
710.516
702.046
704.576
698.006
714.233
710.324
712.727
710.607
708.463
701.756
702.363
702.885
700.987
695.769
705.13
700.644
688.176
688.15
693.689
681.373
687.116
695.754
696.906
692.466
688.13
685.043
686.5
688.926
686.258
688.134
691.54
694.664
701.212
700.578
701.516
701.377
698.592
697.171
690.172
684.914
683.165
686.077
680.736
681.536
688.656
698.616
691.532
679.18
691.009
688.009
692.262
680.932
670.884
675.122
682.977
681.789
680.769
686.887
680.485
664.671
668.759
670.218
668.447
659.84
669.308
664.81
668.659
660.635
658.334
656.636
656.242
662.891
654.128
644.046
650.686
653.292
665.993
660.404
664.664
666.138
673.209
676.39
670.201
683.333
675.942
667.967
663.218
666.927
651.146
647.949
652.757
651.579
649.685
660.896
647.392
644.119
641.385
646.341
664.61
670.643
666.767
673.293
677.409
680.57
674.301
683.054
694.671
689.837
677.038
672.665
665.714
656.784
655.215
657.63
665.436
652.737
652.898
643.036
655.575
646.223
659.486
644.748
663.471
658.016
655.983
668.653
666.229
667.271
665.442
666.006
661.798
664.49
672.386
671.479
677.56
673.572
676.868
657.393
668.217
675.582
678.553
690.671
695.904
686.587
695.835
693.624
699.724
716.746
714.899
728.011
733.472
737.901
738.694
740.672
738.548
748.945
747.659
752.031
656.986
655.927
666.717
659.779
661.253
664.08
658.658
653.903
651.326
641.303
647.723
665.379
657.57
649.583
645.187
653.585
648.238
647.748
645.549
649.828
638.094
649.831
654.425
668.797
652.848
658.221
655.863
657.607
660.14
668.797
679.337
675.781
683.758
679.439
674.33
688.503
682.161
685.784
694.089
700.035
708.336
703.281
705.3
712.592
706.875
704.278
698.094
699.99
706.013
706.547
699.253
705.708
702.936
701.034
696.421
702.955
689.176
685.306
691.083
694.065
697.791
692.34
707.573
702.368
708.887
716.03
730.405
728.008
729.373
719.68
738.354
736.275
726.256
722.584
719.407
718.813
715.863
708.742
708.079
718.017
730.36
722.694
721.229
710.077
698.69
710.439
706.643
700.556
699.727
694.672
696.904
697.565
693.233
692.043
706.455
692.211
699.688
709.956
718.717
709.116
700.481
701.231
684.002
689.368
684.557
686.955
676.257
676.618
670.578
676.584
671.731
656.92
655.549
660.388
667.076
662.795
671.942
662.406
656.466
665.65
655.914
657.764
669.78
674.11
666.495
659.72
662.731
667.714
664.512
663.068
658.215
650.676
645.012
653.118
643.321
650.037
645.888
640.659
658.938
666.462
649.832
664.63
651.967
652.243
659.548
653.689
645.436
656.802
663.543
661.335
663.756
661.804
661.598
666.269
666.583
676.57
672.73
684.6
676.644
680.367
682.188
676.391
680.925
694.649
690.858
696.017
706.736
706.309
702.141
698.764
688.525
690.734
689.876
682.219
680.479
679.616
660.48
680.209
679.14
687.303
677.442
682.423
676.65
676.113
675.102
671.184
672.714
663.536
664.81
669.504
669.454
668.094
663.941
669.724
656.855
655.223
657.364
657.321
669.837
667.359
664.591
658.401
654.545
647.361
645.198
641.839
649.205
642.857
639.286
646.925
654.073
658.715
654.184
663.881
666.588
671.062
672.959
683.286
684.485
677.748
675.358
671.126
675.816
672.037
666.348
677.425
667.623
672.014
674.323
661.158
665.095
670.613
676.242
680.847
673.846
668.043
673.315
668.863
674.603
669.137
670.573
674.117
684.314
681.899
679.225
678.311
689.246
684.181
692.93
689.445
701.293
703.662
698.354
705.148
712.504
717.006
723.809
719.247
712.544
727.796
738.832
725.11
727.31
717.54
712.0
725.041
705.204
700.542
704.058
698.305
687.74
685.884
693.465
689.452
697.485
695.967
684.468
693.946
702.368
705.202
697.177
702.121
694.497
700.199
711.614
709.455
698.33
704.057
704.774
707.756
718.134
706.192
716.05
721.679
724.188
715.753
712.802
710.111
718.845
728.68
725.239
716.647
724.974
723.734
728.713
720.738
721.393
714.373
717.605
725.742
713.546
722.736
725.442
727.474
722.387
718.789
714.284
706.955
711.2
713.726
714.521
713.225
711.196
704.257
695.722
712.18
704.739
709.365
709.602
723.445
726.653
722.229
728.282
724.99
723.641
713.192
712.342
715.942
703.774
706.288
695.881
701.384
694.98
696.948
699.044
690.485
679.971
692.566
698.388
695.281
700.642
693.737
696.659
688.844
691.299
702.85
701.916
700.548
688.068
699.697
693.927
698.831
708.76
712.136
714.012
725.042
716.564
720.517
715.043
716.878
717.553
729.299
731.746
723.855
708.182
703.74
705.686
