690.767
691.96
693.595
693.285
684.823
688.595
682.426
671.584
681.316
676.582
690.878
686.319
688.359
691.058
682.929
673.76
690.375
687.34
681.816
692.599
694.766
699.235
695.577
685.697
698.17
698.484
693.348
687.414
696.839
698.615
685.039
682.82
693.8
694.084
705.23
691.881
687.687
706.068
693.518
697.889
690.818
698.636
701.688
709.952
703.834
710.331
708.145
712.7
710.85
708.147
706.038
717.226
717.703
705.724
703.056
710.211
717.221
713.823
726.459
719.818
708.995
704.24
710.486
709.917
710.862
714.261
702.155
705.927
705.644
712.416
711.162
704.098
698.121
692.514
691.92
681.708
691.283
698.286
686.442
679.303
675.565
674.18
678.261
685.136
682.922
691.833
691.338
687.803
682.461
672.345
679.329
674.402
672.354
682.956
684.047
683.648
681.619
687.546
690.766
693.399
705.242
696.806
693.414
693.061
710.569
711.57
690.137
707.552
708.662
715.082
706.151
706.951
711.628
712.449
711.726
722.549
717.974
723.455
737.017
741.551
745.545
759.875
758.156
761.354
751.178
759.859
741.916
746.211
750.673
740.464
731.45
727.473
731.907
734.261
738.621
746.244
751.869
749.894
747.241
746.568
744.82
749.306
765.13
758.179
759.213
773.189
766.276
772.353
777.755
760.7
759.962
756.806
760.265
771.512
760.56
760.214
769.29
772.901
788.136
774.087
772.012
772.996
789.792
784.295
689.649
680.705
690.092
689.52
679.464
676.065
671.44
672.753
690.729
686.761
679.965
673.182
675.546
684.957
692.143
676.501
680.323
675.09
688.779
698.575
708.007
702.073
706.185
703.58
700.592
703.895
702.061
702.098
706.707
716.541
717.861
709.872
724.485
708.059
721.975
712.48
714.21
708.697
717.006
724.236
719.767
728.205
714.104
725.034
729.3
728.218
728.078
725.517
718.874
723.057
721.956
738.529
741.165
742.108
738.794
739.722
754.332
749.492
762.053
766.269
773.893
785.568
767.499
767.926
760.186
753.558
744.495
762.497
763.573
757.809
753.467
759.595
749.452
763.905
757.545
757.18
751.366
755.819
756.587
741.013
751.181
749.09
741.845
754.733
760.818
754.615
747.767
761.234
759.8
755.004
757.848
777.607
770.43
774.418
775.108
761.348
753.792
752.974
733.598
736.064
719.741
720.159
733.811
734.115
731.767
741.724
744.9
737.437
755.16
747.877
751.042
748.191
751.085
761.595
762.597
766.798
768.848
758.187
775.574
770.606
771.444
755.045
751.705
738.149
739.918
754.486
760.137
772.654
774.012
784.049
785.502
676.109
682.407
669.939
686.581
682.683
679.094
683.822
678.714
687.59
675.112
679.189
676.844
668.844
672.141
677.334
686.597
690.573
688.149
684.521
703.537
690.919
679.894
683.835
670.847
668.131
682.234
687.022
683.913
682.319
686.514
683.682
685.894
695.708
706.977
696.772
706.557
704.18
721.832
715.031
725.628
728.644
737.069
741.1
737.476
722.728
730.87
734.747
723.79
719.052
709.535
708.309
696.828
712.373
705.95
700.943
700.482
709.412
716.322
708.187
702.425
705.969
712.16
708.655
706.091
705.417
704.935
700.542
703.303
701.471
704.381
695.77
699.191
697.745
698.796
717.402
707.083
716.461
713.498
703.677
717.572
703.73
701.662
688.841
685.246
690.754
692.628
696.397
698.106
716.06
705.703
694.423
696.012
688.809
683.908
682.596
678.087
676.638
688.369
695.472
673.66
674.436
687.316
693.898
687.68
677.214
694.06
697.276
688.752
700.489
693.83
695.058
703.426
711.908
710.896
722.041
711.979
715.206
718.232
726.431
729.776
719.967
709.497
718.823
715.849
707.104
718.823
717.928
721.727
719.192
711.403
724.301
722.324
717.592
725.649
729.511
748.975
742.307
758.873
748.644
746.986
742.83
735.523
744.65
743.112
755.021
762.288
752.624
749.903
759.841
753.893
756.354
748.11
752.623
758.377
759.486
752.932
762.216
766.867
767.684
755.978
760.918
765.836
758.467
755.977
761.368
768.584
786.123
782.796
678.294
675.129
681.562
667.778
692.944
685.863
683.565
685.61
695.462
693.494
686.017
669.574
672.814
667.328
682.621
685.464
674.071
678.55
690.401
697.016
700.13
688.831
685.158
673.498
684.842
692.289
685.332
688.422
697.273
704.43
689.312
684.918
683.679
676.001
682.927
684.116
706.964
691.946
688.791
689.283
691.813
687.199
686.234
693.127
706.463
702.133
687.259
692.684
697.649
683.331
686.881
682.473
678.359
686.263
681.619
678.477
678.157
679.849
679.058
689.5
683.593
672.668
681.089
675.709
672.31
681.696
690.78
707.443
692.215
699.148
702.085
714.536
717.314
712.855
718.837
711.151
710.96
723.573
720.023
732.523
735.199
737.471
736.275
733.003
733.213
724.199
721.386
729.607
730.277
732.559
721.755
736.347
728.453
729.534
735.826
752.285
741.851
733.235
729.158
723.718
723.983
732.798
734.1
726.214
727.315
728.092
719.396
725.418
715.369
711.432
701.769
698.852
691.695
689.794
703.131
685.587
673.807
672.533
673.092
676.822
681.376
681.376
675.904
679.027
689.731
687.72
686.783
686.193
686.272
684.759
675.773
687.817
680.48
682.21
676.916
684.06
679.803
677.005
685.912
687.823
676.679
677.411
673.368
682.481
688.153
690.108
691.018
692.369
705.817
689.197
684.125
689.745
702.755
696.797
702.835
696.295
700.542
701.072
691.117
698.197
700.818
699.358
689.362
695.754
699.72
697.476
698.473
697.066
693.372
699.014
698.625
684.8
683.05
693.808
695.91
697.438
704.783
692.05
704.349
688.413
693.228
684.833
694.258
696.11
699.057
682.524
678.229
690.294
697.49
690.258
699.088
716.836
719.86
713.478
708.357
708.65
721.1
719.107
719.509
714.867
700.342
700.023
702.099
721.195
710.233
717.227
720.05
727.044
731.632
729.542
712.045
718.699
717.106
695.752
716.255
714.59
700.515
713.934
719.39
727.613
730.787
745.414
740.938
739.269
734.796
734.746
740.155
754.514
739.812
748.172
743.866
738.065
754.23
761.906
758.7
762.634
760.031
759.759
760.421
758.985
768.235
773.914
780.223
767.623
767.593
772.517
772.294
763.902
763.28
756.262
764.003
755.96
748.439
753.345
748.407
744.926
741.67
751.231
734.2
735.348
747.858
737.557
728.372
734.273
733.579
729.972
728.433
730.148
734.628
732.021
728.327
727.822
739.631
732.346
736.556
743.393
736.304
736.082
732.38
739.966
721.311
732.376
728.767
730.576
726.941
711.935
710.746
710.118
707.414
707.213
697.662
711.043
704.511
717.654
719.776
706.758
706.641
700.477
704.199
687.311
682.48
683.993
689.774
685.826
672.289
678.397
670.108
690.073
680.032
690.841
679.313
689.729
701.435
705.689
688.007
689.16
684.781
674.678
679.777
691.138
672.361
675.539
687.852
684.582
690.016
696.547
701.263
699.603
688.143
684.092
686.972
675.201
674.823
678.268
676.365
681.753
695.529
690.492
695.149
698.082
699.001
695.694
708.104
708.263
709.307
697.079
688.79
692.916
703.575
688.872
698.92
697.177
697.684
697.26
695.411
693.711
687.573
695.114
699.629
706.525
702.108
699.408
715.663
706.464
716.386
715.47
717.73
713.428
713.655
702.317
692.991
702.167
717.111
730.809
727.071
739.003
726.901
727.237
736.156
729.714
738.026
734.81
731.454
733.033
743.963
747.375
749.033
755.259
762.502
752.427
756.483
750.641
762.648
769.216
765.855
758.1
768.775
761.559
774.036
771.742
757.779
769.98
770.192
779.09
774.216
768.039
762.698
766.939
763.049
773.482
766.632
769.728
779.409
766.836
779.148
774.795
771.751
776.546
764.323
758.044
762.257
764.436
771.769
776.646
764.84
759.549
753.986
755.734
769.505
772.773
749.276
742.259
755.202
753.679
762.044
762.868
760.559
756.927
742.586
743.428
758.245
746.5
755.338
755.547
752.121
750.627
754.725
755.945
756.513
766.434
766.594
769.018
780.338
773.602
781.619
775.212
763.455
778.349
772.32
788.917
789.135
696.667
686.807
685.25
689.654
696.978
690.783
691.804
711.676
696.906
709.944
716.146
708.101
707.674
698.092
713.969
721.457
707.948
700.196
705.359
695.9
699.803
696.159
704.414
719.818
729.458
709.352
711.053
717.984
717.235
711.82
725.991
727.91
721.256
719.568
718.934
714.145
716.99
731.745
732.569
734.866
737.14
732.502
722.302
725.555
724.154
726.031
721.693
710.559
714.704
713.756
707.792
717.292
705.077
701.195
705.418
718.393
712.072
721.45
723.906
723.033
712.961
713.0
725.753
720.7
715.622
724.036
721.746
729.253
