772.682
760.187
757.538
754.802
752.417
761.174
761.287
761.877
771.735
775.675
780.035
766.661
776.995
768.178
776.622
774.625
769.306
760.505
764.38
751.149
755.975
771.055
759.691
762.992
763.721
759.739
779.329
774.854
778.445
771.337
762.5
759.678
767.45
779.621
772.701
765.308
774.947
787.477
780.016
783.451
768.076
768.448
765.813
768.723
760.372
767.54
774.182
775.883
774.609
787.763
794.861
790.373
791.645
789.136
788.698
775.217
784.523
785.996
780.144
775.346
771.344
770.461
762.288
771.585
755.088
769.439
767.394
782.929
773.392
777.607
770.907
776.221
776.274
785.156
777.667
773.953
774.064
777.47
781.938
795.405
782.503
785.145
794.448
787.878
787.525
799.939
800.69
781.592
794.322
792.888
785.715
785.926
784.47
777.158
771.276
767.019
772.33
769.727
751.053
746.954
763.852
750.705
762.578
775.367
766.336
764.344
762.085
762.608
785.751
774.95
784.028
775.65
774.534
793.883
795.292
789.525
797.524
811.523
823.367
809.364
811.611
825.14
830.493
835.919
826.472
830.467
818.72
817.143
820.612
828.445
827.6
835.033
836.519
844.274
837.562
836.808
837.563
839.903
839.192
831.829
832.056
825.871
813.755
810.303
815.487
816.51
818.667
803.045
802.981
791.587
799.419
794.619
789.33
787.611
788.518
788.189
787.56
782.419
762.374
776.494
767.06
767.537
768.52
767.2
771.313
772.063
778.841
780.007
770.062
776.029
763.429
772.744
771.173
769.302
770.552
783.198
785.338
774.874
779.173
768.794
775.86
774.901
783.53
786.976
793.352
794.109
794.524
805.094
796.078
795.932
807.018
812.159
816.009
808.755
804.92
809.629
805.837
801.214
799.873
785.452
793.251
792.014
795.926
795.433
797.563
792.125
795.222
788.666
793.411
782.964
794.351
793.092
787.715
791.907
793.406
783.305
786.276
798.312
784.685
803.086
809.272
810.383
819.352
803.55
808.384
821.361
808.137
821.204
819.688
812.665
827.039
817.167
819.871
824.828
824.987
833.904
820.461
814.317
805.762
815.084
823.334
820.526
832.517
819.162
827.564
806.926
819.801
819.237
821.734
822.165
826.06
813.098
803.11
821.164
831.168
829.089
826.992
827.661
824.296
823.601
822.281
818.647
833.327
817.078
813.952
827.75
816.377
829.353
821.676
823.99
835.422
830.207
824.495
826.476
832.117
821.952
821.641
816.356
811.106
818.123
817.433
820.384
816.329
814.302
815.192
809.984
809.571
817.922
797.638
814.402
819.248
804.388
805.517
808.004
810.659
807.078
802.142
812.069
808.145
802.228
801.733
802.099
794.74
791.976
787.366
780.967
780.689
784.845
793.738
786.867
794.442
798.839
799.667
789.863
795.133
799.088
795.444
796.023
794.103
795.87
797.9
785.306
774.448
765.714
762.846
767.046
765.169
750.5
762.637
766.82
761.513
766.28
775.812
777.908
777.823
780.209
774.171
781.808
783.11
769.246
774.328
772.195
777.928
779.819
774.323
767.144
764.916
763.338
770.138
765.928
761.971
755.269
762.422
757.368
763.621
775.638
766.758
777.342
773.191
765.242
749.534
751.547
745.825
762.192
766.475
759.051
774.745
759.746
771.109
777.124
778.843
766.201
760.244
760.202
749.288
759.263
756.056
763.622
749.859
750.569
756.559
751.162
745.587
749.767
768.251
775.677
761.918
768.739
770.768
769.37
767.097
779.764
785.274
773.362
767.545
753.978
766.361
771.488
772.235
776.585
763.208
769.071
768.593
760.293
756.618
766.514
761.003
763.152
759.304
748.749
764.291
761.345
748.922
757.451
771.381
761.106
773.597
779.875
773.418
771.301
756.245
774.48
773.618
776.172
770.674
782.398
782.451
764.89
769.841
780.982
783.024
791.46
786.935
797.698
797.134
800.992
799.761
789.935
786.232
797.464
799.815
798.88
787.609
790.264
793.689
791.609
792.614
788.715
788.515
775.121
778.865
783.94
793.387
793.441
787.375
783.767
779.629
783.878
774.601
775.033
780.604
785.943
773.365
766.668
771.07
764.12
776.013
771.151
763.898
759.152
761.817
752.364
753.827
755.835
749.06
767.474
761.832
762.06
754.907
751.676
764.901
759.562
762.914
757.937
770.235
759.514
760.472
765.684
765.833
764.155
782.293
776.93
774.982
773.451
769.65
760.691
771.905
763.91
763.812
765.025
760.545
755.402
765.514
753.011
747.408
751.42
769.949
772.02
768.217
779.444
773.813
755.189
748.111
756.716
768.028
771.86
760.999
752.347
754.261
748.264
761.405
751.553
761.508
766.759
758.56
765.944
774.804
760.055
777.501
771.111
780.341
778.119
772.752
770.298
768.494
765.695
760.084
759.161
753.466
768.36
774.641
765.956
763.744
769.377
782.299
775.616
776.765
772.019
758.232
766.188
771.791
770.826
754.927
763.888
762.021
774.364
780.457
773.603
765.148
753.558
772.827
766.427
765.547
757.581
767.082
757.339
757.77
771.603
774.721
763.89
770.964
765.743
768.742
784.794
781.567
775.977
776.865
770.742
780.473
769.767
772.214
772.192
776.598
781.11
782.351
785.826
776.938
762.037
754.623
757.833
759.868
758.82
761.609
772.458
772.029
781.922
785.034
795.353
791.872
778.412
780.245
785.476
766.297
769.905
758.769
763.732
746.455
760.8
755.313
762.699
768.607
769.449
763.798
755.553
764.845
749.736
748.361
749.273
750.615
759.892
751.992
767.406
753.813
762.336
765.173
757.134
764.949
770.615
763.231
762.504
748.059
744.278
757.558
755.457
754.293
754.531
746.303
757.117
760.494
769.23
781.756
772.645
777.824
769.293
767.562
776.855
781.366
783.262
799.736
791.989
788.354
787.208
785.363
777.736
780.038
777.522
772.493
783.96
793.713
793.13
796.615
790.669
790.089
800.536
793.854
789.864
779.19
785.363
795.411
795.099
807.527
796.148
793.341
789.587
790.624
788.39
780.054
768.912
783.15
771.713
773.447
764.196
774.004
761.957
760.794
768.056
764.07
755.123
776.276
753.935
755.042
757.486
757.593
761.267
755.675
770.85
772.518
772.704
776.244
780.284
781.565
763.557
782.24
779.373
790.86
782.849
793.647
777.734
779.224
774.066
777.784
768.307
767.519
777.109
766.083
775.979
778.918
767.331
771.376
768.158
768.967
763.462
769.039
768.292
762.411
776.798
771.991
765.953
769.681
772.583
785.208
789.597
787.718
792.348
790.212
799.886
800.978
817.118
813.738
804.887
807.299
812.077
799.382
789.17
794.217
796.339
802.096
796.401
803.19
805.32
807.047
810.793
802.64
794.441
805.189
791.171
789.09
781.55
783.764
772.151
774.62
771.542
773.122
778.751
776.872
782.155
780.794
771.606
772.224
777.648
773.314
761.532
778.205
770.35
773.621
767.827
764.578
758.508
760.873
768.75
769.946
774.371
771.431
755.412
750.693
759.557
757.709
755.181
758.136
762.034
759.341
747.733
759.124
751.003
756.94
765.431
765.853
761.76
754.621
748.956
745.379
753.867
752.447
752.329
756.117
766.934
759.236
755.261
771.715
770.667
773.652
769.975
754.293
761.087
756.067
752.209
755.036
757.184
768.45
763.025
758.509
764.761
769.544
762.762
762.275
753.965
750.633
764.601
756.005
762.813
752.008
756.249
771.178
759.948
754.988
744.941
750.591
753.188
752.769
752.761
748.055
760.146
762.217
768.557
753.26
763.109
766.327
776.686
787.985
789.649
770.021
782.806
780.801
781.037
781.113
786.895
797.245
804.143
806.005
797.506
806.866
790.362
793.53
784.651
790.326
802.607
805.92
802.264
800.543
800.771
807.317
814.992
814.443
830.773
812.573
814.055
807.349
804.12
811.205
799.502
797.376
811.252
796.245
806.527
804.986
788.094
790.101
786.936
794.73
801.113
818.952
825.76
816.847
835.779
826.051
833.051
834.709
838.535
832.994
845.179
841.283
847.655
852.21
842.917
842.694
854.8
860.239
851.0
861.359
858.342
765.237
759.673
764.503
767.203
786.802
768.164
768.058
773.095
763.374
767.484
779.037
781.455
785.337
782.852
783.031
782.27
783.999
785.928
791.682
777.157
780.056
765.612
753.101
748.393
747.966
767.959
765.225
760.887
763.631
767.063
767.733
764.697
762.354
773.31
762.017
763.599
765.895
765.825
776.634
760.483
755.201
763.271
755.276
750.744
754.342
765.879
764.253
751.257
757.789
747.642
758.817
772.456
782.422
785.134
766.027
784.247
794.553
786.614
786.958
786.824
786.538
792.885
790.55
790.837
786.23
788.706
787.653
802.147
795.433
789.101
793.34
792.665
795.179
798.357
815.111
797.597
795.212
806.361
795.691
785.889
791.063
793.916
791.297
784.164
773.299
773.276
762.379
774.748
