656.514
663.428
672.332
667.218
665.671
663.864
660.075
667.717
667.943
660.231
662.768
651.553
653.413
656.112
649.361
646.543
647.191
651.442
645.164
656.37
648.815
645.236
650.626
645.087
656.664
665.817
671.802
672.879
665.741
665.109
674.891
674.853
674.229
665.423
662.732
672.501
673.891
672.097
665.539
666.126
657.304
654.217
652.715
646.514
648.972
649.856
646.12
648.106
653.702
662.037
655.231
654.178
648.507
645.718
661.922
652.919
645.954
649.65
663.761
668.815
670.559
678.361
683.203
674.498
680.89
688.385
689.271
688.872
695.172
687.158
688.774
688.803
679.117
676.719
675.074
666.135
675.429
684.246
677.148
685.864
692.459
700.883
706.959
709.623
715.591
707.372
707.421
713.255
721.185
719.329
724.058
723.275
724.241
733.063
728.26
732.863
725.816
725.474
722.438
729.04
733.699
734.049
724.505
720.713
720.803
715.083
709.042
717.598
715.549
713.815
713.027
708.319
704.193
701.793
705.723
713.272
704.987
708.47
712.98
722.6
724.384
727.783
724.053
727.989
732.265
729.664
720.175
727.914
734.806
734.289
736.504
744.232
740.084
747.341
755.149
661.099
661.685
660.267
650.954
644.411
646.801
644.567
660.203
655.156
646.602
662.566
668.298
667.356
668.422
662.017
668.765
673.685
673.441
673.555
672.081
677.161
682.414
682.425
684.817
694.701
688.302
696.359
690.2
684.615
683.668
673.947
669.421
672.575
678.936
670.634
679.856
687.45
680.825
687.609
696.395
689.291
698.938
707.69
707.974
707.589
703.932
708.53
698.946
690.135
687.996
688.902
691.96
688.642
680.214
687.863
689.883
688.597
684.088
687.846
692.049
684.905
689.165
697.813
701.695
696.964
692.285
699.434
708.054
715.205
722.63
726.645
731.642
723.841
722.687
714.56
712.721
720.774
725.708
725.807
724.524
732.615
730.105
735.398
735.145
744.244
745.964
753.044
751.421
746.965
750.779
756.471
669.053
669.27
668.045
661.006
666.358
665.479
658.748
665.491
655.325
659.735
663.328
657.0
647.804
648.422
654.904
656.181
647.508
653.001
645.967
658.117
663.507
661.728
664.771
667.04
674.701
674.201
673.883
667.081
667.749
669.237
668.644
664.373
657.914
657.07
660.103
651.24
654.636
658.675
664.384
656.416
657.207
667.164
670.807
675.051
683.26
691.405
686.288
692.134
685.863
688.511
678.667
678.563
683.844
678.972
671.458
665.13
661.547
658.675
668.511
671.367
679.165
681.042
687.163
693.636
701.943
708.625
705.648
706.742
698.953
706.482
700.752
693.634
690.597
699.997
701.215
701.475
707.79
710.66
704.613
702.076
709.294
707.452
711.297
704.51
695.91
703.506
700.507
707.797
703.771
705.016
697.946
697.006
697.108
690.117
681.92
679.66
686.264
692.948
687.644
685.179
687.172
696.469
702.509
710.584
717.492
726.332
725.108
721.562
728.613
723.035
728.676
733.551
739.959
737.903
728.678
727.504
724.814
724.838
734.539
744.621
754.18
759.694
650.791
653.855
647.268
653.011
660.664
651.293
655.008
654.619
649.909
651.678
643.906
654.373
652.671
650.281
658.948
662.445
657.755
659.948
656.867
662.034
660.193
657.597
656.64
652.584
648.2
660.402
670.272
665.636
667.053
669.477
664.96
659.835
652.027
649.769
647.082
661.303
663.797
668.227
661.719
666.998
661.85
652.036
661.16
665.788
659.852
653.485
650.582
646.968
655.076
660.657
662.644
671.603
677.19
674.161
669.335
661.056
663.79
671.904
665.92
670.042
677.506
678.727
684.476
693.299
698.227
694.766
690.448
681.068
681.58
688.188
685.765
691.741
693.545
690.64
684.767
675.827
670.087
673.775
680.336
678.74
674.21
678.036
685.774
688.829
697.485
700.227
693.771
692.79
693.768
696.563
698.434
693.403
695.573
695.483
688.42
697.269
692.045
687.92
697.116
691.017
700.418
702.798
704.152
706.488
702.914
710.261
700.846
691.883
682.32
673.777
673.559
681.306
676.113
668.138
661.584
659.762
666.073
656.176
656.183
646.314
656.551
658.87
660.808
654.146
648.212
652.442
645.165
649.323
660.582
664.929
664.99
655.928
661.182
670.845
678.841
670.992
674.124
672.5
675.953
670.847
678.444
674.012
666.475
674.496
668.947
666.389
657.78
666.414
660.698
661.12
659.989
664.352
657.319
653.376
655.446
663.8
661.585
665.749
674.804
677.442
680.994
674.631
672.051
681.367
674.458
683.733
684.115
691.224
700.044
698.633
705.757
709.833
713.175
706.628
702.987
694.198
699.336
693.002
701.192
691.845
697.684
700.926
704.786
713.488
712.043
703.231
706.598
703.461
711.976
706.285
715.409
725.226
727.805
736.885
731.043
732.069
728.23
722.312
718.949
725.213
721.223
724.926
716.241
719.3
713.952
723.577
725.492
723.372
718.779
718.232
725.587
718.006
708.487
713.666
705.372
695.853
691.422
699.222
697.512
690.688
695.603
696.824
700.322
696.98
702.153
704.916
714.919
717.813
715.293
709.7
708.542
707.595
711.919
712.34
706.926
706.544
700.376
704.525
712.129
702.981
704.384
712.434
717.62
710.05
715.266
723.439
718.227
724.784
725.783
719.983
718.64
711.399
717.278
722.565
721.275
729.039
728.434
729.311
724.736
719.251
722.395
730.719
732.762
729.454
722.844
726.326
726.511
724.601
722.111
731.889
729.355
733.807
727.462
728.481
725.524
724.459
731.559
739.166
739.035
745.541
735.88
743.703
733.788
735.971
730.807
739.341
734.04
741.849
737.796
741.195
743.215
736.085
735.525
728.295
718.436
721.886
727.792
726.538
731.393
728.743
732.099
730.422
739.642
736.735
740.256
744.119
742.964
745.403
740.483
743.471
742.148
736.853
740.313
743.444
735.113
731.347
740.361
745.413
743.515
745.154
737.515
738.15
747.601
751.891
754.906
664.523
666.586
658.218
659.171
652.536
659.636
658.342
661.787
664.262
667.413
676.683
672.753
674.986
670.425
679.676
682.768
678.16
678.35
686.218
679.139
674.918
684.546
690.596
683.074
679.577
680.526
689.529
695.577
698.582
696.234
699.075
699.718
704.015
703.077
695.846
702.868
699.34
702.55
701.211
707.973
707.009
716.697
709.771
713.907
703.962
697.826
702.97
704.58
713.057
710.869
701.989
706.461
711.914
719.63
709.806
702.446
702.326
705.309
702.032
701.327
692.794
690.209
683.773
675.31
672.339
670.807
680.145
675.171
669.058
667.3
676.866
677.739
682.988
673.444
667.146
663.707
663.978
667.337
669.375
661.266
662.057
664.154
665.575
662.657
662.284
668.312
666.43
659.267
654.701
653.496
652.398
650.455
643.049
661.183
654.724
653.516
649.628
660.37
662.428
661.453
665.422
661.311
654.216
659.735
649.866
644.653
642.761
645.013
661.084
660.525
659.197
657.319
650.52
652.384
649.234
651.463
658.523
666.6
657.044
663.848
669.576
666.202
675.408
675.413
667.515
669.915
675.373
672.93
681.214
684.654
682.661
692.172
699.576
702.166
703.591
701.017
707.324
702.869
707.389
701.103
708.036
709.232
704.688
713.405
719.655
711.805
709.542
700.318
691.615
681.585
683.774
686.755
694.024
696.822
696.248
696.878
698.633
692.437
696.457
691.592
700.255
699.427
706.149
702.46
695.515
697.964
706.271
706.383
712.463
716.942
711.308
706.414
699.846
697.158
687.675
695.958
700.44
710.471
713.775
711.894
718.886
721.216
719.373
725.657
733.11
739.629
740.711
732.366
726.569
726.845
719.298
714.18
717.514
707.932
700.32
698.485
700.884
709.4
718.126
726.176
721.641
731.218
732.995
732.955
730.803
734.836
742.293
745.624
736.234
732.671
726.027
734.599
737.752
729.716
727.063
717.663
708.508
711.765
714.965
714.097
712.979
713.042
708.548
708.166
714.121
707.771
703.058
710.728
719.067
713.083
720.764
717.697
719.704
720.533
727.259
733.396
734.361
738.085
732.594
731.089
723.453
714.854
719.092
717.261
717.716
724.703
720.017
727.937
730.687
733.597
739.181
730.132
721.116
724.867
731.901
726.297
717.246
712.25
702.726
711.57
718.643
719.452
727.745
736.138
739.344
736.535
741.338
743.251
744.634
737.696
731.852
732.148
734.954
726.798
726.732
733.763
726.453
725.46
726.311
724.468
729.383
727.14
725.155
728.986
738.482
742.725
744.235
734.569
724.894
719.448
721.334
715.97
713.805
723.179
718.758
723.154
714.35
713.735
721.429
721.387
720.548
715.98
709.025
703.555
711.532
719.09
719.918
715.414
706.225
712.216
705.595
709.145
702.014
703.406
696.188
703.393
701.073
693.002
683.538
